1.3500000238418579
1.3500000238418579
1.3500000238418579
1.3600000143051147
1.3600000143051147
1.3500000238418579
1.3500000238418579
1.3500000238418579
1.3600000143051147
1.3500000238418579
1.3500000238418579
1.3600000143051147
1.3600000143051147
1.3500000238418579
1.3600000143051147
1.3600000143051147
1.3600000143051147
1.3500000238418579
1.3500000238418579
1.3400000333786011
1.3600000143051147
1.3500000238418579
1.3600000143051147
1.3500000238418579
1.3500000238418579
1.3600000143051147
1.3400000333786011
1.3600000143051147
1.3500000238418579
1.3500000238418579
1.3600000143051147
1.3500000238418579
1.3500000238418579
1.3500000238418579
1.3500000238418579
1.3500000238418579
1.3600000143051147
1.3600000143051147
1.3500000238418579
1.3500000238418579
1.3500000238418579
1.3500000238418579
1.3500000238418579
1.3600000143051147
1.3500000238418579
1.3500000238418579
1.3500000238418579
1.3500000238418579
1.3500000238418579
1.3500000238418579
1.3500000238418579
1.3600000143051147
1.3600000143051147
1.3400000333786011
1.3500000238418579
1.3500000238418579
1.3500000238418579
1.3400000333786011
1.3600000143051147
1.3500000238418579
1.3500000238418579
1.3500000238418579
1.3600000143051147
1.3600000143051147
1.3600000143051147
1.3600000143051147
1.3500000238418579
1.3600000143051147
1.3400000333786011
1.3500000238418579
1.3400000333786011
1.3500000238418579
1.3500000238418579
1.3500000238418579
1.3600000143051147
1.3500000238418579
1.3500000238418579
1.3500000238418579
1.3400000333786011
1.3500000238418579
1.3500000238418579
1.3500000238418579
1.3600000143051147
1.3600000143051147
1.3500000238418579
1.3600000143051147
1.3600000143051147
1.3600000143051147
1.3500000238418579
1.3600000143051147
1.3500000238418579
1.3500000238418579
1.3500000238418579
0.61000001430511475
0.62000000476837158
0.64999997615814209
0.43999999761581421
0.73000001907348633
1.3500000238418579
1.3500000238418579
1.3600000143051147
1.3600000143051147
1.3500000238418579
1.3500000238418579
1.3600000143051147
1.3600000143051147
1.3500000238418579
1.3600000143051147
1.3600000143051147
1.3600000143051147
1.3600000143051147
1.3500000238418579
1.3600000143051147
1.3500000238418579
1.3500000238418579
1.3600000143051147
1.3500000238418579
1.3500000238418579
1.3500000238418579
1.3500000238418579
1.3500000238418579
1.3500000238418579
1.3600000143051147
1.3600000143051147
1.3500000238418579
1.3500000238418579
1.3500000238418579
1.3600000143051147
1.3600000143051147
1.3600000143051147
1.3500000238418579
1.3500000238418579
1.3600000143051147
1.3500000238418579
1.3500000238418579
1.3500000238418579
1.3500000238418579
1.3600000143051147
1.3600000143051147
1.3500000238418579
1.3500000238418579
1.3600000143051147
1.3400000333786011
1.3500000238418579
1.3600000143051147
1.3500000238418579
1.3600000143051147
1.3500000238418579
1.3500000238418579
1.3600000143051147
1.3600000143051147
1.3600000143051147
1.3600000143051147
1.3600000143051147
1.3500000238418579
1.3500000238418579
1.3600000143051147
1.3600000143051147
1.3400000333786011
1.3600000143051147
0.64999997615814209
1.3600000143051147
1.3500000238418579
0.97000002861022949
0.81000000238418579
1.3500000238418579
1.3600000143051147
1.3500000238418579
1.3500000238418579
1.3500000238418579
1.3500000238418579
1.3600000143051147
1.3500000238418579
1.3600000143051147
1.3600000143051147
1.3600000143051147
1.3500000238418579
1.3600000143051147
1.3600000143051147
1.3500000238418579
1.3500000238418579
1.3600000143051147
1.3600000143051147
1.3500000238418579
1.3600000143051147
1.3500000238418579
1.3500000238418579
1.3600000143051147
1.3600000143051147
1.3600000143051147
1.3500000238418579
1.3600000143051147
1.3500000238418579
1.3500000238418579
1.3600000143051147
1.3600000143051147
1.3500000238418579
1.3500000238418579
1.3500000238418579
1.3500000238418579
1.3500000238418579
1.3600000143051147
1.3500000238418579
1.3500000238418579
1.3500000238418579
1.3500000238418579
1.3500000238418579
1.3500000238418579
1.3500000238418579
1.3500000238418579
1.3400000333786011
1.3500000238418579
1.3500000238418579
1.3500000238418579
1.3500000238418579
1.3500000238418579
1.3600000143051147
1.3500000238418579
1.3600000143051147
1.3600000143051147
1.3500000238418579
1.3600000143051147
1.3500000238418579
1.3600000143051147
1.3500000238418579
1.3500000238418579
1.3500000238418579
1.3600000143051147
1.3500000238418579
1.3500000238418579
1.3500000238418579
1.3600000143051147
1.3500000238418579
1.3500000238418579
1.3500000238418579
1.3400000333786011
1.3500000238418579
1.3600000143051147
1.3400000333786011
1.3600000143051147
1.3600000143051147
1.3500000238418579
1.3400000333786011
1.3500000238418579
1.3500000238418579
1.3500000238418579
1.3500000238418579
1.3500000238418579
1.3500000238418579
1.3400000333786011
1.3600000143051147
1.3600000143051147
1.3600000143051147
1.3500000238418579
1.3500000238418579
1.3600000143051147
1.3600000143051147
1.3600000143051147
1.3500000238418579
1.3500000238418579
1.3700000047683716
1.3500000238418579
1.3600000143051147
1.3500000238418579
1.3600000143051147
1.3600000143051147
0.79000002145767212
1.3600000143051147
1.3600000143051147
1.0700000524520874
0.94999998807907104
1.3600000143051147
1.3600000143051147
1.3500000238418579
1.3600000143051147
1.3500000238418579
1.3600000143051147
1.3600000143051147
1.3600000143051147
1.3500000238418579
1.3600000143051147
1.3600000143051147
1.3600000143051147
1.3600000143051147
1.3600000143051147
1.3600000143051147
1.3600000143051147
1.3600000143051147
1.3600000143051147
1.3500000238418579
1.3600000143051147
1.3600000143051147
1.3500000238418579
1.3500000238418579
1.3600000143051147
1.3600000143051147
1.3500000238418579
1.3500000238418579
1.3600000143051147
1.3600000143051147
1.3500000238418579
1.3600000143051147
1.3500000238418579
1.3600000143051147
1.3600000143051147
1.3500000238418579
1.3600000143051147
1.3500000238418579
1.3600000143051147
1.3600000143051147
1.3500000238418579
1.3500000238418579
1.3500000238418579
1.3600000143051147
1.3600000143051147
1.3500000238418579
1.3500000238418579
1.3500000238418579
1.3600000143051147
1.3600000143051147
1.3500000238418579
1.3500000238418579
1.3600000143051147
1.3500000238418579
1.3500000238418579
1.3600000143051147
1.3600000143051147
1.3600000143051147
1.3500000238418579
1.3500000238418579
1.3500000238418579
1.3500000238418579
1.3400000333786011
1.3500000238418579
1.3600000143051147
1.3500000238418579
1.3600000143051147
1.3600000143051147
1.3500000238418579
1.3500000238418579
0.75
1.3600000143051147
1.3500000238418579
1.3500000238418579
0.93999999761581421
1.3500000238418579
1.3600000143051147
1.3600000143051147
1.3500000238418579
1.3500000238418579
1.3600000143051147
1.3600000143051147
1.3500000238418579
1.3600000143051147
1.3600000143051147
1.3500000238418579
1.3500000238418579
1.3500000238418579
1.3500000238418579
1.3500000238418579
1.3600000143051147
1.3500000238418579
1.3500000238418579
1.3500000238418579
1.3600000143051147
1.3600000143051147
1.3600000143051147
1.3600000143051147
1.3600000143051147
1.3600000143051147
1.3600000143051147
1.3500000238418579
1.3500000238418579
1.3500000238418579
1.3500000238418579
1.3500000238418579
1.3500000238418579
1.3500000238418579
1.3600000143051147
1.3500000238418579
1.3600000143051147
1.3600000143051147
1.3500000238418579
1.3700000047683716
1.3500000238418579
1.3600000143051147
1.3500000238418579
1.3600000143051147
1.3600000143051147
1.3600000143051147
1.3600000143051147
1.3600000143051147
1.3600000143051147
1.3500000238418579
1.3500000238418579
1.3600000143051147
1.3400000333786011
1.3500000238418579
1.3500000238418579
1.3500000238418579
1.3600000143051147
1.3600000143051147
1.3600000143051147
1.3500000238418579
1.3600000143051147
1.3500000238418579
1.3500000238418579
1.3500000238418579
1.3600000143051147
1.3500000238418579
1.3600000143051147
1.3500000238418579
1.3600000143051147
1.3600000143051147
1.3600000143051147
1.3500000238418579
1.3500000238418579
1.3500000238418579
1.3500000238418579
1.3500000238418579
1.3500000238418579
1.3400000333786011
1.3600000143051147
1.3600000143051147
1.3600000143051147
1.3600000143051147
1.3500000238418579
1.3600000143051147
1.3600000143051147
1.3500000238418579
1.3500000238418579
1.3600000143051147
1.3600000143051147
1.3500000238418579
1.3500000238418579
1.3600000143051147
1.3600000143051147
1.3600000143051147
1.3500000238418579
1.3600000143051147
1.3500000238418579
1.3600000143051147
1.3600000143051147
1.3500000238418579
1.3500000238418579
1.3600000143051147
0.31999999284744263
1.3600000143051147
0.14000000059604645
0.11999999731779099
1.3500000238418579
1.3600000143051147
1.3600000143051147
1.3500000238418579
1.3600000143051147
1.3600000143051147
1.3500000238418579
1.3500000238418579
1.3500000238418579
1.3500000238418579
1.3500000238418579
1.3500000238418579
1.3500000238418579
1.3500000238418579
1.3600000143051147
1.3500000238418579
1.3600000143051147
1.3500000238418579
1.3400000333786011
1.3600000143051147
1.3400000333786011
1.3600000143051147
1.3500000238418579
1.3600000143051147
1.3400000333786011
1.3500000238418579
1.3400000333786011
1.3600000143051147
1.3500000238418579
1.3600000143051147
1.3500000238418579
1.3500000238418579
1.3600000143051147
1.3500000238418579
1.3600000143051147
1.3600000143051147
1.3600000143051147
1.3600000143051147
1.3400000333786011
1.3500000238418579
1.3500000238418579
1.3600000143051147
1.3600000143051147
1.3500000238418579
1.3500000238418579
1.3500000238418579
1.3400000333786011
1.3500000238418579
1.3600000143051147
1.3500000238418579
1.3600000143051147
1.3500000238418579
1.3600000143051147
1.3500000238418579
1.3600000143051147
1.3500000238418579
1.3500000238418579
1.3600000143051147
1.3600000143051147
1.3600000143051147
1.3600000143051147
1.3600000143051147
1.3600000143051147
1.3600000143051147
1.3500000238418579
1.3500000238418579
1.3500000238418579
1.3500000238418579
1.3500000238418579
1.3600000143051147
1.3500000238418579
1.3600000143051147
1.3600000143051147
1.3500000238418579
1.3500000238418579
1.3500000238418579
1.3500000238418579
1.3600000143051147
1.3400000333786011
1.3500000238418579
1.3600000143051147
1.3500000238418579
1.3600000143051147
1.3600000143051147
1.3600000143051147
1.3400000333786011
1.3500000238418579
1.3500000238418579
1.3500000238418579
1.3500000238418579
1.3500000238418579
1.3500000238418579
1.3600000143051147
1.3600000143051147
1.3600000143051147
1.3500000238418579
1.3500000238418579
1.3500000238418579
1.3500000238418579
1.3500000238418579
1.3600000143051147
1.3600000143051147
1.3600000143051147
1.3500000238418579
1.3500000238418579
1.3600000143051147
1.3500000238418579
1.3600000143051147
1.3600000143051147
1.3500000238418579
1.3500000238418579
1.3400000333786011
1.3500000238418579
1.3400000333786011
1.3500000238418579
1.3500000238418579
1.3500000238418579
1.3400000333786011
1.3500000238418579
1.3400000333786011
1.3500000238418579
1.3500000238418579
1.3500000238418579
1.3500000238418579
1.3400000333786011
1.3600000143051147
1.3500000238418579
1.3600000143051147
1.3500000238418579
1.3600000143051147
1.3400000333786011
1.3600000143051147
1.3500000238418579
1.3500000238418579
1.3600000143051147
1.3500000238418579
1.3600000143051147
1.3500000238418579
1.3500000238418579
1.3500000238418579
1.3500000238418579
1.3500000238418579
1.3600000143051147
1.3600000143051147
1.3500000238418579
1.3500000238418579
1.3600000143051147
1.3600000143051147
1.3600000143051147
1.3600000143051147
1.3600000143051147
1.3400000333786011
1.3500000238418579
1.3600000143051147
1.3700000047683716
1.3400000333786011
1.3600000143051147
1.3600000143051147
1.3500000238418579
1.3500000238418579
1.3500000238418579
1.3600000143051147
1.3500000238418579
1.3500000238418579
1.3600000143051147
1.3500000238418579
1.3500000238418579
1.3600000143051147
1.3600000143051147
1.3400000333786011
1.3500000238418579
1.3500000238418579
1.3500000238418579
1.3500000238418579
1.3500000238418579
1.3500000238418579
1.3500000238418579
1.3500000238418579
1.3600000143051147
1.3500000238418579
1.3500000238418579
1.3600000143051147
1.3500000238418579
1.3500000238418579
1.3400000333786011
1.3500000238418579
1.3500000238418579
1.3600000143051147
1.3600000143051147
1.3500000238418579
1.3600000143051147
1.3500000238418579
1.3500000238418579
1.3600000143051147
1.3500000238418579
1.3500000238418579
1.3500000238418579
1.3500000238418579
1.3600000143051147
1.3600000143051147
1.3500000238418579
1.3500000238418579
1.3500000238418579
1.3500000238418579
1.3500000238418579
1.3500000238418579
1.3500000238418579
1.3500000238418579
1.3600000143051147
1.3500000238418579
1.3600000143051147
1.3500000238418579
1.3600000143051147
1.3500000238418579
1.3600000143051147
1.3600000143051147
1.3500000238418579
1.3500000238418579
1.3600000143051147
1.3600000143051147
1.3600000143051147
1.3500000238418579
1.3600000143051147
1.3500000238418579
1.3500000238418579
1.3500000238418579
1.3600000143051147
1.3500000238418579
1.3600000143051147
1.3700000047683716
1.3500000238418579
1.3500000238418579
1.3500000238418579
1.3500000238418579
1.3600000143051147
1.3500000238418579
1.3600000143051147
1.3600000143051147
1.3500000238418579
1.3500000238418579
1.3600000143051147
1.3600000143051147
1.3600000143051147
1.3600000143051147
1.3600000143051147
1.3600000143051147
1.3500000238418579
1.3600000143051147
1.3600000143051147
1.3500000238418579
1.3600000143051147
1.3500000238418579
1.3500000238418579
1.3500000238418579
1.3600000143051147
1.3500000238418579
1.3600000143051147
1.3500000238418579
1.3600000143051147
1.3500000238418579
1.3600000143051147
1.3500000238418579
1.3500000238418579
1.3600000143051147
1.3600000143051147
1.3600000143051147
1.3600000143051147
1.3600000143051147
1.3500000238418579
1.3500000238418579
1.3600000143051147
1.3500000238418579
1.3500000238418579
1.3600000143051147
1.3600000143051147
1.3500000238418579
1.3500000238418579
1.3600000143051147
1.3600000143051147
1.3600000143051147
1.3600000143051147
1.3500000238418579
1.3500000238418579
1.3500000238418579
1.3500000238418579
1.3600000143051147
1.3500000238418579
1.3500000238418579
1.3500000238418579
1.3500000238418579
1.3700000047683716
1.3500000238418579
1.3600000143051147
1.3500000238418579
1.3600000143051147
1.3500000238418579
1.3600000143051147
1.3600000143051147
1.3500000238418579
1.3500000238418579
1.3500000238418579
1.3600000143051147
1.3600000143051147
1.3600000143051147
1.3500000238418579
1.3500000238418579
1.3600000143051147
1.3500000238418579
1.3500000238418579
1.3400000333786011
1.3500000238418579
1.3600000143051147
1.3500000238418579
1.3500000238418579
1.3600000143051147
1.3500000238418579
1.3500000238418579
1.3500000238418579
1.3600000143051147
1.3600000143051147
1.3600000143051147
1.3600000143051147
1.3600000143051147
1.3500000238418579
1.3600000143051147
1.3600000143051147
1.3600000143051147
1.3600000143051147
1.3600000143051147
1.3600000143051147
1.3500000238418579
1.3600000143051147
1.3600000143051147
1.3500000238418579
1.3500000238418579
1.3300000429153442
1.3500000238418579
1.3500000238418579
1.3600000143051147
1.3600000143051147
1.3500000238418579
1.3500000238418579
1.3600000143051147
1.3600000143051147
1.3600000143051147
1.3500000238418579
1.3500000238418579
1.3600000143051147
1.3500000238418579
1.3600000143051147
1.3600000143051147
1.3600000143051147
1.3500000238418579
1.3500000238418579
1.3500000238418579
1.3600000143051147
1.3600000143051147
1.3600000143051147
1.3600000143051147
1.3500000238418579
1.3500000238418579
1.3500000238418579
1.3600000143051147
1.3600000143051147
1.3500000238418579
1.3600000143051147
1.3600000143051147
1.3600000143051147
1.3500000238418579
1.3500000238418579
1.3600000143051147
1.3600000143051147
1.3500000238418579
1.3500000238418579
1.3500000238418579
1.3600000143051147
1.3600000143051147
1.3500000238418579
1.3500000238418579
1.3500000238418579
1.3600000143051147
1.3600000143051147
1.3600000143051147
1.3500000238418579
1.3500000238418579
1.3600000143051147
1.3500000238418579
1.3600000143051147
1.3500000238418579
1.3600000143051147
1.3600000143051147
1.3500000238418579
1.3500000238418579
1.3600000143051147
1.3600000143051147
1.3600000143051147
1.3600000143051147
1.3600000143051147
1.3600000143051147
1.3600000143051147
1.3500000238418579
1.3600000143051147
1.3500000238418579
1.3500000238418579
1.3500000238418579
1.3600000143051147
1.3600000143051147
1.3600000143051147
1.3500000238418579
1.3500000238418579
1.3500000238418579
1.3600000143051147
1.3500000238418579
1.3600000143051147
1.3500000238418579
1.3500000238418579
1.3500000238418579
1.3600000143051147
1.3600000143051147
1.3500000238418579
1.3600000143051147
1.3600000143051147
1.3500000238418579
1.3500000238418579
1.3500000238418579
1.3500000238418579
1.3600000143051147
1.3600000143051147
1.3600000143051147
1.3500000238418579
1.3600000143051147
1.3600000143051147
1.3400000333786011
1.3600000143051147
1.3600000143051147
1.3600000143051147
1.3500000238418579
1.3500000238418579
1.3600000143051147
1.3500000238418579
1.3600000143051147
1.3500000238418579
1.3600000143051147
1.3500000238418579
1.3600000143051147
1.3500000238418579
1.3600000143051147
1.3600000143051147
1.3500000238418579
1.3500000238418579
1.3500000238418579
1.3500000238418579
1.3500000238418579
1.3600000143051147
1.3600000143051147
1.3500000238418579
1.3500000238418579
1.3600000143051147
1.3500000238418579
1.3600000143051147
1.3500000238418579
1.3500000238418579
1.3600000143051147
1.3500000238418579
1.3500000238418579
1.3500000238418579
1.3600000143051147
1.3600000143051147
1.3600000143051147
1.3600000143051147
1.3600000143051147
1.3600000143051147
1.3600000143051147
1.3500000238418579
1.3500000238418579
1.3600000143051147
1.3500000238418579
1.3500000238418579
1.3500000238418579
1.3500000238418579
1.3600000143051147
1.3500000238418579
1.3600000143051147
1.3500000238418579
1.3600000143051147
0.63999998569488525
0.74000000953674316
1.3500000238418579
0.4699999988079071
0.5
1.3600000143051147
1.3500000238418579
1.3600000143051147
1.3500000238418579
1.3600000143051147
1.3600000143051147
1.3500000238418579
1.3500000238418579
1.3600000143051147
1.3600000143051147
1.3500000238418579
1.3600000143051147
1.3400000333786011
1.3600000143051147
1.3600000143051147
1.3600000143051147
1.3500000238418579
1.3500000238418579
1.3500000238418579
1.3600000143051147
1.3600000143051147
1.3500000238418579
1.3600000143051147
1.3600000143051147
1.3600000143051147
1.3500000238418579
1.3600000143051147
1.3400000333786011
1.3500000238418579
1.3600000143051147
1.3500000238418579
1.3500000238418579
1.3600000143051147
1.3500000238418579
1.3600000143051147
1.3400000333786011
1.3600000143051147
1.3500000238418579
1.3600000143051147
1.3600000143051147
1.3600000143051147
1.3600000143051147
0.62999999523162842
1.3600000143051147
1.3500000238418579
0.43999999761581421
0.46000000834465027
1.3600000143051147
1.3600000143051147
1.3600000143051147
1.3600000143051147
1.3500000238418579
1.3600000143051147
1.3600000143051147
1.3500000238418579
1.3500000238418579
1.3600000143051147
1.3600000143051147
1.3600000143051147
