0
906027707
2
1.0338607435913876
1.6840179362728249
-0.70996977484928969
1.0504992546789649
1.6697175334588175
-0.70996977484928969
1
105702627
4
1.0352134506190411
1.6828119394482857
-0.70950314452084307
1.0580015284657731
1.678689533199702
-0.70041026131393924
1.0808261498270801
1.6747745031282513
-0.69131737903835788
1.1036854247658778
1.6710671742738747
-0.68222449676277652
2
307362309
4
1.0479094913548057
1.6751764373916826
-0.70743577511193789
1.0692810988890633
1.6749079142722969
-0.70616061848732248
1.0906530318997332
1.6746666445671852
-0.70488546186270729
1.1120252535675184
1.6744526285591776
-0.7036103052380922
3
506641335
5
1.0638619816732831
1.671800989981399
-0.7046097643035889
1.0813349026987766
1.6816730458748446
-0.70062740662279155
1.0987683700318258
1.6916146097510392
-0.69664504894199386
1.1161621107931869
1.7016255216557383
-0.69266269126119617
1.1335158468475821
1.7117056212745982
-0.6886803335803986
4
707939583
6
1.0790988544817406
1.6738672630653897
-0.702946498553777
1.0953971207690374
1.6892291573357798
-0.69887373180272594
1.1116326877512148
1.7046573022550684
-0.6948009650516751
1.1278052837747718
1.7201514429002809
-0.69072819830062393
1.1439146436662262
1.7357113261125749
-0.6866554315495732
1.159960500164227
1.7513366906690064
-0.68258266479852203
5
940423295
8
1.102727358704843
1.6937919985842471
-0.69656848305048968
1.1197181378116299
1.7096139736153377
-0.69656848305048968
1.1367089169184168
1.7254359486464281
-0.69656848305048968
1.1536996960252037
1.7412579236775187
-0.69656848305048968
1.1706904800279272
1.7570799043247431
-0.69656848305048968
1.1876812640306504
1.7729018849719675
-0.69656848305048968
1.2046720480333737
1.7887238656191919
-0.69656848305048968
1.2216628348441638
1.8045458438184481
-0.69656848305048968
6
112491928
10
1.1208774685532095
1.7101731056883278
-0.69453631670358196
1.1398895537613301
1.7241498450751873
-0.69765767784001831
1.1589451746940398
1.7380671729777237
-0.70077903897645466
1.1780441430724433
1.7519249471193759
-0.70390039918156899
1.1971862719853168
1.7657230437997538
-0.70702175938668266
1.2163713759618313
1.7794613182943286
-0.71014311959179655
1.2355992729866996
1.7931396525188441
-0.71326448002974097
1.254869767077023
1.8067579010285737
-0.71638584040947806
1.274182672041775
1.8203159296110578
-0.71950720090563003
1.2935378016899297
1.8338136040538371
-0.72262856134357456
7
312627389
11
1.1568444975704297
1.7386280154981519
-0.69668151022079017
1.1760300921470896
1.7522090589004677
-0.69668151022079017
1.1952156867237496
1.7657901023027833
-0.69668151022079017
1.2144012813004093
1.7793711457050989
-0.69668151022079017
1.2335868758770692
1.7929521891074145
-0.69668151022079017
1.2527724704537291
1.8065332325097301
-0.69668151022079017
1.2719580748222616
1.8201142871443132
-0.69668151022079017
1.2911436791907942
1.8336953417788964
-0.69668151022079017
1.3103292835593265
1.8472763964134795
-0.69668151022079017
1.3295148879278593
1.8608574510480627
-0.69668151022079017
1.3487004922963917
1.8744385056826458
-0.69668151022079017
8
512610117
11
1.1918711939987001
1.7657978850331115
-0.69710715257706646
1.2108610918409148
1.7795394674168705
-0.68811544359805599
1.229726665353736
1.7934512470885613
-0.67912373648169067
1.2484663914575973
1.8075321005235012
-0.67013202936532501
1.2670787541294608
1.8217808782769316
-0.66114032224895969
1.2855622471381611
1.836196442136361
-0.65214861140730396
1.3039153671333235
1.8507776118410177
-0.64315690056564823
1.3221366415805853
1.8655232198027925
-0.63416518972399261
1.3402245895941065
1.8804320661771678
-0.62517347888233676
1.3581777415203145
1.8955029413277544
-0.61618176804068092
1.3759946641377834
1.9107346433948886
-0.6071900571990253
9
753243301
11
1.2056978779388283
1.8043610664093905
-0.69733607318708857
1.2274172441142708
1.8158143457082729
-0.69014777165362806
1.2490537212818482
1.8274234548749029
-0.68295947012016733
1.2706061825085004
1.8391877826842458
-0.67577116858670683
1.2920735362250277
1.8511067462539901
-0.6685828670532461
1.3134546566648431
1.8631797133179855
-0.66139456551978559
1.3347484291651535
1.8754060416727605
-0.65420626026103457
1.3559537732605533
1.8877851384986823
-0.64701795500228387
1.3770695964958395
1.9003163417176367
-0.63982964974353307
1.3980947842082188
1.9129990091261524
-0.63264134448478193
1.4190282550462818
1.9258324687087942
-0.62545303922603079
10
912858888
12
1.2369104279379517
1.8289806503332176
-0.68404778126480259
1.2594550513901217
1.8365209681268442
-0.67719546366336014
1.2819474818976566
1.8442155936034736
-0.67034314606191792
1.3043866630500058
1.8520641539456508
-0.66349083218576599
1.3267715218132823
1.8600662912779755
-0.65663851830961373
1.3491010438641253
1.8682216350246994
-0.6497862044334618
1.3713741528692427
1.8765297902039177
-0.64293389055730976
1.3935898035003078
1.8849903740368044
-0.63608157668115772
1.4157469615112186
1.8936029937831613
-0.62922926280500568
1.437844583815356
1.902367224576972
-0.62237694892885376
1.4598816361666176
1.9112826736780391
-0.61552463505270161
1.481857075478384
1.9203489162203455
-0.60867232117654979
11
113145556
12
1.286636193191188
1.8513879762862828
-0.6690600294232576
1.3104061857801428
1.8578341516242667
-0.66629674319030929
1.334158272600225
1.8643459910685491
-0.66353345695736088
1.3578922820032679
1.8709234485457973
-0.6607701707244128
1.3816080279594753
1.877566450837544
-0.65800688449146416
1.4053053221973446
1.8842749668125127
-0.65524359825851597
1.4289839786870799
1.8910489232522365
-0.65248031202556778
1.452643840162144
1.8978883012285164
-0.64971702579261936
1.4762847095105167
1.9047930374842565
-0.64695373955967106
1.4999064206251438
1.9117630809654385
-0.64419045332672276
1.5235087763940047
1.9187983684149661
-0.64142716709377456
1.5470915907873035
1.9258988266143724
-0.63866388086082615
12
307923885
12
1.3456026381349153
1.869559356936541
-0.65994450483324207
1.36817471734952
1.878413487763023
-0.66728404197694935
1.3908111659528242
1.8871017248297108
-0.67462357912065674
1.4135107747511535
1.8956235922165687
-0.68196311626436401
1.4362723234686103
1.9039786239649326
-0.68930265340807118
1.4590945807470721
1.9121663640775086
-0.69664219055177845
1.4819763240689339
1.9201863886828232
-0.70398172583284047
1.5049162910711074
1.9280382295805047
-0.7113212611139027
1.5279132879992465
1.9357215171893474
-0.7186607973262874
1.5509660613307803
1.9432358154347988
-0.72600033307301082
1.5740733663836548
1.9505807203681274
-0.73333986893614933
1.5972339473935921
1.9577558380019708
-0.74067940503211893
13
511116728
11
1.4028390490060161
1.8854749694236128
-0.66666575554611363
1.4251618382089619
1.892573449715039
-0.67069025743605781
1.4475130296113887
1.8995820444308875
-0.67471475932600189
1.4698922289892553
1.9065006270569658
-0.67873926121594585
1.4922991041284535
1.9133290954852376
-0.68276376310588993
1.5147332918099088
1.9200673354045881
-0.68678826499583412
1.5371943668046142
1.9267152080977474
-0.69081276688577797
1.5596820478261693
1.9332726458242053
-0.69483726877572205
1.5821959295683086
1.9397395320311406
-0.69886177066566624
1.6047356798169239
1.9461157646105165
-0.70288627441825546
1.627300882183526
1.9524012369708827
-0.70691077817084469
14
712462299
9
1.4054261988640087
1.8725017628536009
-0.6727747710328279
1.4273115033401447
1.8795648351151393
-0.67639826404859416
1.449222261698806
1.8865485648762266
-0.6800217570643603
1.4711581644485163
1.8934528286972874
-0.68364525008012644
1.4931189194864452
1.9002775674701309
-0.68726874309589259
1.515104279219412
1.9070226824430963
-0.69089223611165895
1.5371139626719987
1.9136881045971257
-0.69451572912742499
1.5591476380979039
1.9202737303143778
-0.69813922214319102
1.5812050356491223
1.9267794806649272
-0.70176271515895716
15
911131492
7
1.4445669728413899
1.8846323285098787
-0.67995967137624624
1.4686145177119874
1.890059298008864
-0.68279205429365064
1.4926773481521245
1.8954181367441412
-0.68562443721105459
1.516755256212091
1.9007087904736999
-0.68845682012845877
1.5408480624582332
1.9059312593760471
-0.69128920304586305
1.5649555811956661
1.9110854693874373
-0.69412158596326712
1.5890775822198537
1.9161713860875953
-0.69695397074331644
16
109974787
9
1.4815051540014248
1.8938504562896339
-0.68570034745146646
1.5037716705240514
1.8977794525403837
-0.68650926071216456
1.5260413593582429
1.9016904577030482
-0.68731817397286288
1.5483141808605296
1.905583427267977
-0.6881270872335612
1.5705901746743816
1.9094584057448205
-0.6889360004942594
1.5928693011563286
1.9133153486239283
-0.68974491375495794
1.6151515380515455
1.9171542757270352
-0.69055382701565615
1.6374368853600325
1.9209751870541418
-0.69136274027635458
1.6597252811834942
1.9247780579173324
-0.69217165353705301
17
311600394
7
1.5176050510030907
1.9020184951163031
-0.6868557536881148
1.5410540235298893
1.905006537134446
-0.68881594928910139
1.5645087986436881
1.9079486234696212
-0.69077614489008787
1.5879693144461924
1.9108447294339137
-0.69273634049107435
1.6114354248859863
1.9136948254732276
-0.69469653609206083
1.6349071077082451
1.9164989314092984
-0.6966567316930472
1.658384216861553
1.9192570176880306
-0.69861692729403368
18
510266953
5
1.5557605876929634
1.9074038733795886
-0.68937945532609812
1.5802592129721773
1.9120308617273425
-0.68937945532609812
1.6047578382513912
1.9166578500750964
-0.68937945532609812
1.6292564635306048
1.9212848384228502
-0.68937945532609812
1.6537550888098187
1.9259118267706041
-0.68937945532609812
19
707479827
7
1.5827776599721235
1.9110211954297074
-0.6911897415201842
1.6054138721439781
1.9129749677287289
-0.6911897415201842
1.6280500843158328
1.9149287400277504
-0.6911897415201842
1.6506862964876874
1.9168825123267719
-0.6911897415201842
1.673322508659542
1.9188362846257936
-0.6911897415201842
1.6959587208313966
1.9207900569248149
-0.6911897415201842
1.7185949330032511
1.9227438292238366
-0.6911897415201842
20
956075278
7
1.607981036842439
1.8864928329631883
-0.6897374087559609
1.6323162042161596
1.8823567195507733
-0.69089640989774748
1.6566465882028265
1.8781924134167416
-0.69205541103953416
1.680972104657382
1.873999909557432
-0.69321441218132052
1.7052927535798257
1.8697792079728448
-0.6943734133231072
1.7296084903957991
1.8655303482336785
-0.69553241446489378
1.7539192755346029
1.8612532857655737
-0.69669141560668046
21
109880301
6
1.6229504545102396
1.8826576034057405
-0.6887204460665225
1.6465876523923009
1.8764082518597163
-0.6887204460665225
1.6702248502743626
1.8701589003136925
-0.6887204460665225
1.6938620481564239
1.8639095487676682
-0.6887204460665225
1.7174992460384852
1.8576601972216442
-0.6887204460665225
1.7411364439205466
1.85141084567562
-0.6887204460665225
22
308711510
7
1.6605034702858941
1.8745014581133688
-0.6901431269809245
1.6804259473130321
1.8651482674209436
-0.6901431269809245
1.7003484243401701
1.8557950767285187
-0.6901431269809245
1.7202709013673081
1.8464418860360936
-0.6901431269809245
1.7401933783944463
1.8370886953436687
-0.6901431269809245
1.7601158554215846
1.8277355046512436
-0.6901431269809245
1.7800383101554917
1.8183823337373493
-0.6901431269809245
23
510611009
6
1.6859895086974408
1.8666553232830274
-0.6903611607715131
1.7068087700954098
1.8565751121735783
-0.69303892924036969
1.7276009413773759
1.8464391742602166
-0.69571669584658136
1.7483659110771852
1.8362476084355968
-0.69839446245279324
1.769103505878391
1.826000488784441
-0.70107222905900468
1.7898135747577779
1.8156978696129411
-0.70374999566521623
24
710210283
6
1.7155265949609533
1.8517613905686847
-0.69224000348296177
1.7337277134758859
1.8366706706522302
-0.69826013407256604
1.7518376418036077
1.8214706549647108
-0.70428026466217031
1.7698557334404237
1.8061619170835179
-0.71030039432045222
1.7877813246188086
1.7907449662210497
-0.71632052397873414
1.8056138306853597
1.7752204007626284
-0.72234065386984658
25
909856303
8
1.7354215965387123
1.8399522520583229
-0.69599081947054864
1.7502297283059729
1.8222206986465126
-0.70638247205462446
1.7648527793623934
1.8043362164951833
-0.71677412463870049
1.7792891762692431
1.7863007593276174
-0.72716577722277631
1.7935373901742528
1.768116241310036
-0.73755742980685246
1.8075959094889837
1.7497846409736522
-0.74794908239092828
1.8214631384814743
1.7313079318202786
-0.7583407349750042
1.835137605120347
1.7126881369675906
-0.76873238755908013
26
111328517
8
1.7612192166054947
1.8177144331299071
-0.70594031548645497
1.7730156678561015
1.79755610351373
-0.70962686649110307
1.7847377606173946
1.7773544217282664
-0.7133134174957515
1.796385289220896
1.7571096499238157
-0.71699996850039982
1.8079581098484203
1.7368220750586087
-0.72068651950504803
1.8194560391247205
1.7164919395044147
-0.72437307027686548
1.8308789727886725
1.6961195748059255
-0.72805962104868294
1.8422266828785667
1.6757052628919722
-0.73174617158766986
27
311595611
9
1.7862572041185953
1.7868132230800868
-0.71773409224595208
1.7980410802287745
1.7656065439018838
-0.7252791652387498
1.8096646146859989
1.74431154028562
-0.73282423834796295
1.8211271816572736
1.7229294833002511
-0.74036931093330749
1.8324281208775792
1.701461515259135
-0.74791438444997427
1.8435667223741574
1.6799089021393225
-0.75545945703531858
1.8545424049298473
1.6582728754858405
-0.7630045296206629
1.8653545478035594
1.6365546222278806
-0.77054960220600721
1.8760025251622987
1.6147554134343995
-0.77809467479135175
28
510710050
9
1.7712140933794938
1.712670925236131
-0.70201238308314284
1.7815693355455751
1.6911809465824486
-0.71570916863370726
1.7916292454594758
1.6695511854815273
-0.7294059546499333
1.8013919613726777
1.6477856289349977
-0.74310274066615889
1.8108556528202608
1.6258883935010617
-0.7567995266823847
1.8200185733279672
1.6038636028790754
-0.77049630897332044
1.8288789764215383
1.581715380768395
-0.78419309126425574
1.8374351540514691
1.5594478964342855
-0.79788987355519148
1.8456855661495781
1.5370653334243223
-0.81158665584612677
29
709782743
10
1.7953682230103876
1.6667651065150744
-0.72485588880468221
1.8098707773491065
1.6489149633449138
-0.73723099025178729
1.8241513455171297
1.6308867330912242
-0.74960609169889303
1.8382077457888033
1.6126831911805959
-0.76198119314599833
1.8520377580137208
1.5943070674737108
-0.77435629831839392
1.8656393613063975
1.5757612356701314
-0.78673139976549955
1.8790104123659326
1.5570485167623564
-0.79910650121260507
1.8921488518820881
1.5381717388840406
-0.81148160265971025
1.9050526973941322
1.5191338213006542
-0.82385670410681555
1.9177199664413327
1.4999376832776687
-0.83623180555392118
30
912392982
10
1.8161301875325417
1.6310625281858353
-0.74889839457560381
1.8334758822723654
1.6149389789601443
-0.76153479533482404
1.8506164686652198
1.5985975362175866
-0.77417119609404417
1.8675491841919742
1.5820408414060043
-0.78680759685326385
1.8842713118994072
1.5652714975484863
-0.79944399761248397
1.9007802116838033
1.5482921987999378
-0.8120803983717042
1.9170732434414468
1.5311056393152653
-0.82471679913092444
1.9331478054933762
1.5137145588152823
-0.83735319243956419
1.9490013345853823
1.4961217425867119
-0.8499895857482036
1.9646313058880098
1.4783300214821851
-0.86262597905684313
31
112739626
10
1.8468045523422492
1.5951988960977685
-0.77178674208212683
1.8647211917174724
1.5777635150795002
-0.77977840619374128
1.8824979400995494
1.5601854518422178
-0.78777007030535551
1.9001336369173021
1.5424659189767378
-0.79576173441696951
1.917627174306616
1.5246060066584617
-0.80375339852858385
1.934977398837469
1.5066068434875441
-0.81174506264019808
1.9521832339293443
1.4884696491959568
-0.81973672675181208
1.9692435717181282
1.4701955139591014
-0.82772838341284605
1.9861573427644594
1.4517855735182879
-0.83572004007387968
2.0029234249219137
1.4332410860302411
-0.84371169673491309
32
313385859
9
1.8763685602443805
1.5629477231320579
-0.78994756208945127
1.8937135289694296
1.5454441947452655
-0.79592625068713041
1.9109535453495941
1.5278372895014218
-0.80190493928480955
1.9280879643210005
1.5101276293377344
-0.80788362788248858
1.9451162248104361
1.4923158433325652
-0.81386231648016771
1.9620376817540266
1.4744025534231218
-0.81984100507784685
1.9788517285126512
1.4563884271125196
-0.8258196936755261
1.9955578040130981
1.4382740934791216
-0.83179838227320491
2.0121553016162457
1.4200602200260435
-0.83777707087088404
33
511830358
8
1.8947677686063389
1.5073107884892547
-0.78254568848457662
1.9109484216072237
1.4912221536582486
-0.78496133807745294
1.9270902079375967
1.4750944894431375
-0.78737698767032938
1.9431929509556167
1.4589278616071084
-0.7897926372632057
1.9592565952219565
1.4427223913526757
-0.79220828685608224
1.9752810479041494
1.4264781534661195
-0.7946239364489589
1.9912662535628676
1.410195269149954
-0.79703958604183511
2.0072120355562704
1.3938738041673659
-0.79945523563471155
34
711177460
6
1.9226145036544251
1.4788857485500753
-0.78930847618427591
1.9395026646245563
1.4618650296242739
-0.79097644511308973
1.9563624031526476
1.4448161555561576
-0.792644414041904
1.9731936728224655
1.4277391637388663
-0.79431238297071771
1.9899964646109163
1.4106341379817746
-0.79598035189953154
2.0067706482923926
1.3935011066549285
-0.79764832082834558
35
909980541
5
1.943062093282143
1.458385673472969
-0.79318230125751799
1.9576191178907723
1.4436002194135216
-0.79318230125751799
1.972176142499402
1.4288147653540739
-0.79318230125751799
1.9867331671080317
1.4140293112946263
-0.79318230125751799
2.0012901917166612
1.3992438572351786
-0.79318230125751799
