0
701803178
81
1.0334433724499248
1.6841379420330811
-0.24377991503998855
1.0566619091728611
1.6783628717565962
-0.03681256878701681
1.0691534216575831
1.6779028192595065
-0.061241409407929034
1.0816299614553144
1.6771377817114854
-0.091895608253253297
1.0940772234510958
1.6759907022266192
-0.12163719849482903
1.1064849079621566
1.6744739785712057
-0.1507780802581658
1.1188430967754583
1.6725963845490868
-0.18434640090502949
1.1311312858928928
1.6703050866023461
-0.22144116520106794
1.1433260149259268
1.6675596489393656
-0.25505978008257557
1.1554216571960096
1.6644058479280148
-0.27569647524444441
1.1674495885886187
1.661003137916373
-0.27982132269130988
1.1794634056011346
1.6575508368395391
-0.28703567895983112
1.1914520456113222
1.6540119421334851
-0.3007325419119109
1.2033909991888847
1.6503092061774312
-0.31894708948881706
1.2152606206426113
1.6463896046785949
-0.34276374267628518
1.2270334441517803
1.6421884785173604
-0.37281905971214091
1.2386747559707572
1.6376354465281282
-0.37982633834163776
1.2502838335973592
1.6330009707510613
-0.38464327425524608
1.2618704998771917
1.6283106096582203
-0.3874427901500615
1.2734440054512617
1.6235878236381383
-0.38948865928603021
1.2850077835471594
1.6188413864946569
-0.38963598166070917
1.2965708940710257
1.6140932327373805
-0.37879210926877666
1.3081847400692808
1.6094707732568794
-0.3578053885758794
1.3198930951937
1.6050930266096146
-0.3356403931153652
1.3316956733419842
1.6009758237894745
-0.30958086770208576
1.3436013436854082
1.5971676114524542
-0.28447434135282706
1.3555990436017367
1.5936594250598461
-0.25654395412121628
1.3676899175001664
1.5904876949710798
-0.23110202553534237
1.3798575621822109
1.5876245738957011
-0.22986222723003172
1.3920288308267117
1.5847765208747462
-0.23245847551537654
1.4041925654440006
1.5818969012334478
-0.23297483544413095
1.4163548695497936
1.5790109873415674
-0.23568029787406844
1.4285093535260756
1.5760921716852807
-0.23648152120496896
1.4406614533165309
1.5731636285508217
-0.23918134235731364
1.4528056376100422
1.5702022790193895
-0.24010839753602414
1.4649470562479947
1.567229676130856
-0.2427174711004324
1.4770806547564361
1.5642254112545459
-0.24448645613619402
1.4892089126886261
1.5611996887057971
-0.25238960835650731
1.5013128519253853
1.5580782172542542
-0.2531278658796205
1.5134145977111841
1.5549477812640036
-0.27286058994345741
1.5254520658470994
1.5515792127933978
-0.29504193834142289
1.5374119048925023
1.5479444738171169
-0.32008585956052593
1.5492771394443081
1.5440113301427858
-0.34781020374293287
1.5610285052810382
1.5397508854381869
-0.36377118222341209
1.5727106343613655
1.535303329829921
-0.36457308509065778
1.5843891394792364
1.530846428213215
-0.36424988155930538
1.5960689797411702
1.5263933412938315
-0.3631532859416346
1.6077537791096232
1.5219530336104783
-0.36103341692760055
1.6194479244865163
1.5175375214597211
-0.35858314833940125
1.6311527510159123
1.5131507149063155
-0.33908355445687038
1.6429411194166703
1.508992885559691
-0.3158347199559528
1.6548227571669627
1.5051102866248827
-0.29091456532589977
1.6667974735319233
1.5015249479789277
-0.26638922198449061
1.6788566854425766
1.4982342947011333
-0.24096695292355527
1.6909954337924034
1.4952512967623961
-0.21702300734565788
1.7032022744894362
1.4925597416990954
-0.19017904990681586
1.7154768260639428
1.4901968228101254
-0.1707577668194826
1.7277950559227917
1.488072703973542
-0.096783897658778706
1.7402366912400224
1.4868647800663823
-0.14856400373243131
1.7525989808529459
1.4850145564975521
-0.22164641811625069
1.7647930423139484
1.482266639281312
-0.26038566176877065
1.7768717091809463
1.4790484652526446
-0.30345468988905533
1.7888006491780373
1.4753132090019165
-0.33094997350084432
1.8006223961803669
1.4712514146603852
-0.3551452556344859
1.8123422907641866
1.4669048531637316
-0.37499807110725791
1.8239736843701251
1.4623264534373051
-0.37842942803306751
1.8355892469821753
1.4577081901238587
-0.38104474422108825
1.8471926025627936
1.4530595999666986
-0.38311318689715756
1.8587864214001057
1.4483869772164071
-0.38435988982814906
1.8703745181914342
1.4436998586162901
-0.38546077332484963
1.8819572744065112
1.439000056147576
-0.3623442554205073
1.8936456977374205
1.4345691898400958
-0.32923459943802452
1.9054743111949306
1.4305277087618067
-0.29698724025913281
1.917427093050287
1.4268697001318587
-0.26704096957125378
1.9294840161425468
1.4235712267245533
-0.23819497870186895
1.9416309660916169
1.4206218934896868
-0.21200984754643115
1.9538511582292784
1.4179915643184118
-0.18730323552224382
1.9661325762589654
1.4156639313796746
-0.16485517732145827
1.9784630131492462
1.4136125778945172
-0.16170696763389897
1.9907999350249752
1.4116000389546159
-0.54007541881332155
1.9907999999999999
1.4116
-0.72859999999999991
1
501806147
3
1.9778116535814347
1.4227365709503972
-0.70879132713846271
1.9907999350249752
1.4116000389546159
-0.54007541881332155
1.9907999999999999
1.4116
-0.72859999999999991
